1 0.0015091 -0.000665711
2 -0.0435939 0.0160209
3 -0.0362804 0.0133948
4 -0.00390933 0.00145375
5 -0.00290177 0.00108487
6 -0.00525231 0.00195747
7 0.0465783 -0.0172146
8 0.106339 -0.0393727
9 0.170149 -0.0630887
10 0.13666 -0.050868
11 0.0220555 -0.00860091
12 -0.0396912 0.0142233
13 -0.0418287 0.0150539
14 -0.00311672 0.000772287
15 0.0501797 -0.0189443
16 -0.0321343 0.0114617
17 -0.0793302 0.0289563
18 -0.0987314 0.0363129
19 -0.0963943 0.0355469
20 -0.083883 0.0310141
21 -0.0619994 0.023001
22 -0.0390896 0.0145864
23 -0.018293 0.00693076
24 -0.00325414 0.00138466
25 0.00747236 -0.00258089
26 0.0132285 -0.00471812
27 0.00491175 -0.00165417
28 -0.0338869 0.0126964
29 -0.0956664 0.0355887
30 -0.163411 0.06075
31 -0.124793 0.0466246
32 -0.0197429 0.00788089
33 0.0404924 -0.0143864
34 0.0413101 -0.0147295
35 0.00431013 -0.00108078
36 -0.0485756 0.0184826
37 0.0290971 -0.0102077
38 0.0774879 -0.0281414
39 0.0984261 -0.035966
40 0.0971655 -0.035598
41 0.0824314 -0.0302436
42 0.0603114 -0.0221416
43 0.0395909 -0.0145353
44 0.0192192 -0.00703739
45 0.00345163 -0.0012226
46 -0.0072663 0.00273958
47 -0.0131302 0.00491649
48 -0.0149879 0.00561698
49 -0.0140278 0.00527673
50 -0.0112056 0.00424653
51 -0.0163875 0.00617506
52 -0.0048644 0.00192788
53 -0.00200368 0.000874281
54 0.000113411 9.29612e-05
55 -0.00883302 0.00340303
56 -0.0348602 0.0130071
57 -0.0678448 0.0252462
58 -0.100338 0.0373365
59 -0.0316137 0.0120089
60 0.0145231 -0.00503009
61 0.0536123 -0.0195076
62 0.0928316 -0.0340724
63 0.127223 -0.04689
64 0.151226 -0.0558985
65 0.0708242 -0.0263009
66 0.00998284 -0.00386045
67 -0.0313798 0.0114337
68 -0.0532019 0.0195393
69 -0.0592423 0.0218274
70 -0.0561823 0.0207545
71 -0.045137 0.0167239
72 -0.0315677 0.0117484
73 -0.0179572 0.00674409
74 -0.0074469 0.00287324
75 0.000919348 -0.000213908
76 0.00609791 -0.0021309
77 0.00839935 -0.00298852
78 0.00883506 -0.00315814
79 0.00797873 -0.00285013
80 0.00601076 -0.00212996
81 0.00371141 -0.00128521
82 0.00152795 -0.000481045
83 -5.2487e-06 8.4712e-05
84 -4.4031e-05 9.90667e-05
85 -0.000191486 0.000153669
86 -0.000427176 0.000241066
87 -0.000693197 0.000339228
88 -0.000405708 0.00023355
89 4.38417e-06 8.22215e-05
90 1.45766e-05 7.84313e-05
91 -2.54549e-06 8.47519e-05
92 1.00925e-05 8.00784e-05
93 -6.80156e-05 0.000108968
94 -2.47054e-06 8.47847e-05
95 -1.13187e-05 8.8061e-05
96 -1.40219e-05 8.90585e-05
97 -1.93474e-05 9.10429e-05
98 -2.11582e-05 9.17111e-05
99 0.00312642 -0.00106975
100 -0.11241 0.0419005
101 -0.321057 0.119212
102 -0.398265 0.1481
103 -0.432026 0.16099
104 -0.563754 0.210161
105 -0.565825 0.210926
106 -0.470964 0.176393
107 -0.363912 0.137254
108 -0.232633 0.0890451
109 -0.124699 0.0493422
110 -0.0305484 0.0146314
111 0.0308601 -0.00805923
112 0.0683751 -0.0219707
113 0.0846103 -0.028046
114 0.0801249 -0.0263909
115 0.0667984 -0.0215403
116 0.0483587 -0.0147844
117 0.0315539 -0.00861495
118 0.0142782 -0.00225451
119 0.00341341 0.00175119
120 -0.00242005 0.00390616
121 -0.00513732 0.00491397
122 -0.00651505 0.00542887
123 -0.00790108 0.00595612
124 -0.008297 0.00611051
125 -0.00836245 0.00614302
126 -0.00583327 0.00521559
127 -0.00378585 0.00446009
128 -0.00454673 0.00474085
129 -0.00463195 0.00477693
130 -0.00456955 0.00475391
131 1.5945 -0.586896
132 1.5945 -0.586896
133 1.5945 -0.586896
134 1.5945 -0.586896
135 1.5945 -0.586896
136 1.5945 -0.586896
137 1.5945 -0.586896
138 1.5945 -0.586896
139 1.5945 -0.586896
140 1.5945 -0.586896
141 1.5945 -0.586896
142 1.5945 -0.586896
143 1.5945 -0.586896
144 1.5945 -0.586896
145 1.5945 -0.586896
146 1.5945 -0.586896
147 1.5945 -0.586896
148 1.5945 -0.586896
149 1.5945 -0.586896
150 1.5945 -0.586896
151 1.5945 -0.586896
152 1.5945 -0.586896
153 1.5945 -0.586896
154 1.5945 -0.586896
155 1.5945 -0.586896
156 1.5945 -0.586896
157 1.5945 -0.586896
158 1.5945 -0.586896
159 1.5945 -0.586896
160 1.5945 -0.586896
161 1.5945 -0.586896
162 1.5945 -0.586896
163 1.5945 -0.586896
164 1.5945 -0.586896
165 1.5945 -0.586896
166 1.5945 -0.586896
167 1.5945 -0.586896
168 1.5945 -0.586896
169 1.5945 -0.586896
170 1.5945 -0.586896
171 1.5945 -0.586896
172 1.5945 -0.586896
173 1.5945 -0.586896
174 1.5945 -0.586896
175 1.5945 -0.58849
176 1.5945 -0.58849
177 1.5945 -0.58849
178 1.5945 -0.58849
179 1.5945 -0.58849
180 1.5945 -0.58849
181 1.5945 -0.58849
182 1.5945 -0.58849
183 1.5945 -0.58849
184 1.5945 -0.58849
185 1.5945 -0.58849
186 1.5945 -0.58849
187 1.5945 -0.58849
188 1.5945 -0.58849
189 1.5945 -0.58849
190 1.5945 -0.58849
191 1.5945 -0.58849
192 1.5945 -0.58849
193 1.5945 -0.58849
194 1.5945 -0.58849
195 1.5945 -0.58849
196 1.5945 -0.58849
197 1.5945 -0.58849
198 1.5945 -0.58849
199 1.5945 -0.58849
200 1.5945 -0.58849
201 1.5945 -0.58849
202 1.5945 -0.58849
203 1.5945 -0.58849
204 1.5945 -0.58849
205 1.5945 -0.58849
206 1.5945 -0.58849
207 1.5945 -0.58849
