1 6.17026 1.2 0
2 -2.06914 0 1.2
3 -1.74169 0 1.2
4 3.60318 1.2 0
5 -3 0 1.2
6 -2.94773 0 1.2
7 -2.95489 0 1.2
8 -2.95767 0 1.2
9 -2.95626 0 1.2
10 -2.95489 0 1.2
11 -2.95464 0 1.2
12 -2.95499 0 1.2
13 -2.95679 0 1.2
14 -2.95607 0 1.2
15 -2.9578 0 1.2
16 -2.95647 0 1.2
17 -2.95896 0 1.2
18 -2.95668 0 1.2
19 -2.95901 0 1.2
20 -2.95798 0 1.2
21 -2.95886 0 1.2
22 -2.95931 0 1.2
23 -2.95481 0 1.2
24 -2.95679 0 1.2
25 -2.95882 0 1.2
26 -2.95665 0 1.2
27 -2.95774 0 1.2
28 -2.9719 0 1.2
29 -2.97384 0 1.2
30 -2.97252 0 1.2
31 -2.97211 0 1.2
32 -2.97022 0 1.2
33 -2.97023 0 1.2
34 -2.97017 0 1.2
35 -2.97023 0 1.2
36 -2.97113 0 1.2
37 -2.97017 0 1.2
38 -2.97005 0 1.2
39 -2.9702 0 1.2
40 -2.9702 0 1.2
41 -2.96968 0 1.2
42 -2.96997 0 1.2
43 -2.97704 0 1.2
44 -2.9876 0 1.2
45 -2.97101 0 1.2
46 -2.99503 0 1.2
47 -2.99678 0 1.2
48 -2.99775 0 1.2
49 -2.99054 0 1.2
50 -2.99324 0 1.2
51 -2.99743 0 1.2
52 -2.9964 0 1.2
53 -2.99873 0 1.2
54 -2.99949 0 1.2
55 -2.99979 0 1.2
56 -2.9993 0 1.2
57 -2.9995 0 1.2
58 -2.99971 0 1.2
59 -2.99946 0 1.2
60 -2.99974 0 1.2
61 -2.98841 0 1.2
62 -2.99978 0 1.2
63 -2.99981 0 1.2
64 -2.99973 0 1.2
65 -2.99991 0 1.2
66 -2.99981 0 1.2
67 -2.99972 0 1.2
68 -2.99952 0 1.2
69 -2.99986 0 1.2
70 -2.99941 0 1.2
71 -2.99978 0 1.2
72 -2.9999 0 1.2
73 -2.99975 0 1.2
74 -2.99975 0 1.2
75 -2.99988 0 1.2
